1707938736.1362438201904297 4.8753287952317130 0.0688247587986041 -0.1234162311985719 -0.0008547492931678 0.0214854278113639 -0.0071818668948696 0.9997430002672252
1707938736.1362459659576416 4.8760323719259278 0.0731809241072508 -0.1137354795445583 0.0009756516294872 0.0181317534216040 -0.0063291970497130 0.9998150973487359
1707938736.1362469196319580 4.8772645206248324 0.0742987375727557 -0.1171706796054995 0.0016779361186300 0.0164795035822023 -0.0046929696830249 0.9998517822795637
1707938736.1695728302001953 4.8987496672159088 0.0673017092973008 -0.1241303960924068 -0.0002638540291826 0.0217655401520415 -0.0153011132131196 0.9996459711204664
1707938736.1695749759674072 4.8997867846749710 0.0719692168369326 -0.1148892201394549 0.0014044383847228 0.0184184425191085 -0.0144571891979932 0.9997248512508266
1707938736.2029199600219727 4.9227845355875841 0.0670596234364114 -0.1246204190588606 -0.0001090511623114 0.0221066750142868 -0.0220820229291716 0.9995117144341094
1707938736.2029218673706055 4.9233582260604276 0.0709706889854154 -0.1158602073919900 0.0014162800370840 0.0188959044108846 -0.0213291111172118 0.9995929211265459
1707938736.2362480163574219 4.9462356136259995 0.0663745445268706 -0.1249181957341794 -0.0005654258376412 0.0222238913065779 -0.0277827857263716 0.9993667473786079
1707938736.2362508773803711 4.9472324790570994 0.0698875449918344 -0.1168599703166063 0.0007215514182956 0.0190912750839453 -0.0270840162774986 0.9994505783886967
1707938736.2695770263671875 4.9704683070472040 0.0657427878961880 -0.1256146876065015 0.0004820045866455 0.0223256940784049 -0.0336470174528393 0.9991842719298700
1707938736.2695789337158203 4.9716939830159426 0.0682807102082338 -0.1185738644106673 0.0015458332188800 0.0191942651432913 -0.0332374879434925 0.9992619576369726
1707938736.2695798873901367 4.9731032182869876 0.0679430009571788 -0.1221323181026239 0.0022115009290209 0.0176196711241090 -0.0312579572706975 0.9993535893568315
1707938736.3029060363769531 4.9944669950094021 0.0638156364108605 -0.1261010967775983 -0.0005347809145131 0.0225387873831009 -0.0395100520959532 0.9989648006091346
1707938736.3029079437255859 4.9952105542330711 0.0664195343491165 -0.1192213888313099 0.0005024092674329 0.0194652668237023 -0.0389089749587327 0.9990530229372567
1707938736.3029088973999023 4.9958914881539069 0.0656977019660371 -0.1227666936987583 0.0009873648879518 0.0179486727565509 -0.0370244225775766 0.9991526722126371
1707938736.3362369537353516 5.0194445991524432 0.0646587878700446 -0.1205736913470550 0.0000569284518593 0.0198695025447687 -0.0450928347445012 0.9987851800474815
1707938736.3362379074096680 5.0197585489646199 0.0629292941986334 -0.1233455735453798 0.0005282071118776 0.0185667724764388 -0.0429667526421311 0.9989038262637926
1707938736.3362529277801514 5.0180288661254773 0.0619765136789810 -0.1268479997632445 -0.0006876190080871 0.0229191869006391 -0.0456073566306635 0.9986962536592781
1707938736.3695809841156006 5.0426975073431199 0.0590249240260399 -0.1272392180148261 -0.0009703016324999 0.0230420385008017 -0.0525158199653912 0.9983537507466140
1707938736.3695838451385498 5.0433909144395850 0.0623090825005793 -0.1217693546532974 -0.0002945059070916 0.0200710609044453 -0.0518739671446773 0.9984518803192839
1707938736.3695850372314453 5.0444201879815704 0.0615375011203945 -0.1259479597995801 0.0001808126571759 0.0185379465458629 -0.0498827934297775 0.9985830054453602
1707938736.4029099941253662 5.0665158350335435 0.0570558842073465 -0.1278403761463459 -0.0011749603178940 0.0231207543327247 -0.0594992117727840 0.9979598659193438
1707938736.4029119014739990 5.0673995608956810 0.0595734946216044 -0.1225839264646725 -0.0005697848684887 0.0201996628344929 -0.0590440688255761 0.9980508238076341
1707938736.4029128551483154 5.0679261645392799 0.0572797550352649 -0.1259625001592533 -0.0003773400676604 0.0189185868096472 -0.0567602713511479 0.9982085034118591
1707938736.4362390041351318 5.0898940259098300 0.0541500611371143 -0.1284972059562982 -0.0011337313967203 0.0234393409521622 -0.0664680222429899 0.9975125633133418
1707938736.4362409114837646 5.0909070242168655 0.0566520520365029 -0.1240229201800609 -0.0010139556112428 0.0204811730750180 -0.0659211424265265 0.9976141019576013
1707938736.4362418651580811 5.0921015228003661 0.0553747755427984 -0.1281064502852773 -0.0006914198096683 0.0190914229537181 -0.0639135184279392 0.9977725701132552
1707938736.4695680141448975 5.1136242348877676 0.0510088355915774 -0.1290424364249335 -0.0015363536176004 0.0235816512682998 -0.0735571005837361 0.9970109820331652
1707938736.4695699214935303 5.1142199277634326 0.0533871454398329 -0.1251174992009739 -0.0014021567886096 0.0207487419251245 -0.0729901342065994 0.9971158227474717
1707938736.4695708751678467 5.1147900767134420 0.0518869803586405 -0.1279830128457787 -0.0012962406743228 0.0196422712989405 -0.0710442681124845 0.9972789042723679
1707938736.5028998851776123 5.1385809334728627 0.0485180945456233 -0.1295154189881917 -0.0014788840856981 0.0196295211781495 -0.0782855593109252 0.9967366081385559
1707938736.5029149055480957 5.1370038491250076 0.0477746518891631 -0.1295444584023505 -0.0014089234517545 0.0236050464867127 -0.0807981195909585 0.9964499388256455
1707938736.5029168128967285 5.1378658804045827 0.0498344642172998 -0.1259946808047764 -0.0015207095558869 0.0207871166198437 -0.0802875480330840 0.9965538083093732
1707938736.5362429618835449 5.1602459659346538 0.0437385821842487 -0.1301662937058009 -0.0013553563399135 0.0237235757824256 -0.0879672030956404 0.9958399098955704
1707938736.5362448692321777 5.1609088412564201 0.0460134406943289 -0.1273436616950894 -0.0018251824902910 0.0208925148775727 -0.0873547093977425 0.9959564881444387
1707938736.5362470149993896 5.1611305854037886 0.0447421001347567 -0.1296146020869122 -0.0018859358689582 0.0200791611848792 -0.0854823165364869 0.9961355550785074
1707938736.5695719718933105 5.1837164103426581 0.0404846011305579 -0.1303795814429675 -0.0013683082774530 0.0236906220095486 -0.0949583623943996 0.9951983679511499
1707938736.5695738792419434 5.1844883788794771 0.0417023639266431 -0.1282594087934653 -0.0019359817386359 0.0209723260990819 -0.0946823160626808 0.9952847193329696
1707938736.5695748329162598 5.1848496582095462 0.0394709582678862 -0.1311491795860597 -0.0020401002132214 0.0201138059483573 -0.0925538751955491 0.9955024123464888
1707938736.6029009819030762 5.2061541423376161 0.0356955896555551 -0.1311303977619873 -0.0012159454017160 0.0239306567012502 -0.1021303058610142 0.9944824009359656
1707938736.6029028892517090 5.2074593317873754 0.0371289447056387 -0.1292204118683640 -0.0019745655653020 0.0212233480284464 -0.1017758424652223 0.9945789805137579
1707938736.6029038429260254 5.2077368460746820 0.0351431602980049 -0.1324131602941994 -0.0022268809548543 0.0203406750497516 -0.0997209612350295 0.9948050200064810
1707938736.6362299919128418 5.2289844513202404 0.0314156367519127 -0.1316664864918810 -0.0012039859345743 0.0241303897264057 -0.1090846931936151 0.9937388009031227
1707938736.6362318992614746 5.2302852748282982 0.0323734953015360 -0.1304995353519128 -0.0021501146957063 0.0215423567542020 -0.1087441754932945 0.9938339942709514
1707938736.6362328529357910 5.2304748644237700 0.0300265507273270 -0.1334070225364549 -0.0024560550822430 0.0207356354605807 -0.1066542115831381 0.9940768986185416
1707938736.6695618629455566 5.2536460584501583 0.0253631670305587 -0.1340770616244562 -0.0027639786974837 0.0210836958159688 -0.1138676638743113 0.9932683390284353
1707938736.6695759296417236 5.2520514206946753 0.0264405674869612 -0.1321566792220830 -0.0011429104717088 0.0242512957589061 -0.1159780108742596 0.9929550188217581
1707938736.6695778369903564 5.2532509602414263 0.0269830257134956 -0.1317255817018970 -0.0023830043590862 0.0216606965997614 -0.1157648671556138 0.9930375778617246
1707938736.7029049396514893 5.2750572339181288 0.0215313310422576 -0.1328749906313473 -0.0010485141274796 0.0246081462939826 -0.1228625561855776 0.9921180030831234
1707938736.7029068470001221 5.2763549366873823 0.0215622364887676 -0.1326532177289132 -0.0024144946879284 0.0220236372506891 -0.1226910386639392 0.9921975804491845
1707938736.7029089927673340 5.2758509345689237 0.0188163164400677 -0.1355396613414610 -0.0029599521326142 0.0214383258204547 -0.1205156052765964 0.9924755038559915
1707938736.7362339496612549 5.2976153008615796 0.0157688247335094 -0.1332347545985869 -0.0011372500635211 0.0246113476624218 -0.1297269016172748 0.9912436225395422
1707938736.7362358570098877 5.2992120986827018 0.0156553620599202 -0.1338292989464517 -0.0028243638276607 0.0220489449234420 -0.1295445888896878 0.9913244002273595
1707938736.7362368106842041 5.2992397964115829 0.0138827902288932 -0.1366048777208946 -0.0033861868010766 0.0215965862772904 -0.1276119688831691 0.9915832323097629
1707938736.7695629596710205 5.3212020106509588 0.0096976118311891 -0.1336907966523984 -0.0011922133454574 0.0245183797292084 -0.1366605281976592 0.9903137521591479
1707938736.7695648670196533 5.3218461968097976 0.0096143721574639 -0.1347363892249355 -0.0030163264798264 0.0220088618173857 -0.1364280705671215 0.9904008750689808
1707938736.7695658206939697 5.3217253476334792 0.0071812681475338 -0.1378736700395851 -0.0035752244410217 0.0214697200968253 -0.1343991419063340 0.9906882151030169
1707938736.8028919696807861 5.3426522927464806 0.0040672903632020 -0.1343188883954328 -0.0012763223152653 0.0248358118336508 -0.1432829495712561 0.9893692686828675
1707938736.8028929233551025 5.3442345526839778 0.0033840483985592 -0.1359400824654179 -0.0033243348880941 0.0223231206232974 -0.1431708962716454 0.9894406104178075
1707938736.8028948307037354 5.3433713259724893 0.0011496429174276 -0.1392315484460437 -0.0040058945503831 0.0218729280190779 -0.1412336558449476 0.9897265189361122
1707938736.8362379074096680 5.3648314581934535 -0.0027284347490906 -0.1349636682381589 -0.0012613309372494 0.0249272500178209 -0.1502660586869176 0.9883304876697450
1707938736.8362398147583008 5.3662350439198789 -0.0033197389092141 -0.1371390542798657 -0.0036747806249146 0.0224121277976995 -0.1501050355876845 0.9884091616360901
1707938736.8362419605255127 5.3651393138232670 -0.0063783412129784 -0.1400999822582367 -0.0042828936642956 0.0220700395772078 -0.1479381142192313 0.9887410604077180
1707938736.8695669174194336 5.3878940050240205 -0.0096381506278435 -0.1351907013243838 -0.0013964353430441 0.0247840214842372 -0.1572067031751391 0.9872536931934999
1707938736.8695688247680664 5.3876774723134675 -0.0100454911869983 -0.1379359843006334 -0.0036783648261555 0.0224277380778184 -0.1569061002326600 0.9873519848092154
1707938736.8695709705352783 5.3871081460166064 -0.0127467525558502 -0.1408531328166622 -0.0044774671908784 0.0221926271610066 -0.1550750043803138 0.9876432466248595
1707938736.9028959274291992 5.4091384705873571 -0.0164123368712686 -0.1358170465041474 -0.0014701989710455 0.0249707265559256 -0.1639667249288765 0.9861486776578636
1707938736.9028978347778320 5.4095299874896519 -0.0172441115634521 -0.1392641221317994 -0.0040914287029294 0.0226226136742344 -0.1638423900564285 0.9862186110504670
1707938736.9028990268707275 5.4088026239688718 -0.0207187656970785 -0.1419992385257794 -0.0049497370014262 0.0225277846132055 -0.1618421826026835 0.9865470627164410
1707938736.9362249374389648 5.4308979305233835 -0.0238403916095813 -0.1361385687653063 -0.0017562504606705 0.0249985488761637 -0.1707770371243695 0.9849909602272638
1707938736.9362258911132812 5.4307416127103263 -0.0245471432281841 -0.1402001872710389 -0.0045400781726606 0.0226911233034698 -0.1705610857730845 0.9850753355116143
1707938736.9362280368804932 5.4291888508026860 -0.0279842015856712 -0.1431219429077681 -0.0053545504878356 0.0226158231160122 -0.1684897834840171 0.9854293714900969
1707938736.9695529937744141 5.4510684569008925 -0.0307742181336721 -0.1370510851517538 -0.0019449981854365 0.0252362364954910 -0.1774531391467179 0.9838037064153489
1707938736.9695549011230469 5.4515461350719736 -0.0320653881243260 -0.1412353592277774 -0.0050328465788932 0.0228443097316798 -0.1772378760146087 0.9838900056784939
1707938736.9695568084716797 5.4503132221770665 -0.0350616686465233 -0.1445048799791464 -0.0058637155294218 0.0227837409647160 -0.1753112374474439 0.9842319279582882
1707938737.0028998851776123 5.4720665045311572 -0.0386546182230555 -0.1372193069069833 -0.0024105944610647 0.0252488924634960 -0.1841085476987526 0.9825786101518632
1707938737.0029020309448242 5.4722299344016943 -0.0398177976977064 -0.1424224522230194 -0.0055985872522487 0.0230579288651316 -0.1839482310886505 0.9826494980493228
1707938737.0029039382934570 5.4705822748502140 -0.0431187117459342 -0.1450527114343743 -0.0065110847510397 0.0231506264491340 -0.1820061493131321 0.9830032634140049
1707938737.0362288951873779 5.4924880507216924 -0.0461858337695339 -0.1377026825280829 -0.0026815122041766 0.0253661899648632 -0.1909432087142053 0.9812696148077187
1707938737.0362310409545898 5.4927107143901823 -0.0480558440758843 -0.1435429673648849 -0.0060969799661735 0.0232040518112393 -0.1909282163460613 0.9813107637327459
1707938737.0362329483032227 5.4909370387657779 -0.0512264757580683 -0.1465639471629817 -0.0070197536247444 0.0232560714368357 -0.1889142787846803 0.9816930647975655
1707938737.0695579051971436 5.5125842860507550 -0.0543586174512957 -0.1387478674829471 -0.0028019377508641 0.0256821602312582 -0.1978034791495830 0.9799011988088476
